1004
1006
1007
1008
1010
1014
1026
1027
1030
1032
1033
1034
1036
1037
1039
1044
1046
1047
1050
1057
1058
1059
1060
1062
1063
1065
1066
1068
1069
1070
1074
1076
1077
1079
1083
1085
1086
1089
1091
1093
1094
1095
1096
1103
1105
1107
1108
1109
1111
1113
1115
1117
1118
1119
1120
1121
1122
1124
1128
1130
1131
1134
1135
1137
1139
1141
1142
1149
1150
1151
1154
1156
1157
1158
1159
1163
1164
1165
1166
1167
1169
1171
1172
1173
1174
1176
1179
1181
1182
1183
1184
1185
1186
1187
1188
1189
1191
1192
1193
1194
1195
1196
1198
1202
1208
1210
1601
1602
1603
1743
1796
1797
356
50302
50334
99333
NAME
