1000
1001
1002
1003
1005
1009
1013
1015
1016
1017
1021
1022
1023
1024
1025
1028
1029
1035
1040
1041
1043
1051
1052
1054
1055
1056
1067
1072
1075
1078
1080
1082
1090
1097
10973
1098
1100
1101
11032
1106
1110
1114
1116
1125
1132
1133
1136
1140
1143
1144
1145
1146
1148
11500
1153
1161
1168
1170
1175
1178
1180
12079
1215
1224
1233
1277
1279
1330
1337
1417
1435
1436
1445
1482
15099
1516
1520
15524
1673
18836
19330
19360
23613
27618
27685
281
28195
28804
29104
319
324
327
40341
44882
49781
66724
79620
82692
91897
NAME
